6 2 12 13 4 3 10 6 12 2 7 6 13 
3 2 6 13 13 12 2 3 6 2 10 3 13 
6 2 12 13 13 3 2 6 12 2 2 6 13 
3 2 6 13 13 12 2 3 6 2 2 3 13 
6 2 12 13 13 3 2 6 12 2 2 6 13 
3 2 6 13 13 12 2 3 6 2 2 3 13 
6 2 12 13 13 3 2 6 12 2 2 6 13 
3 2 6 13 13 12 2 3 6 2 2 3 13 
6 2 12 13 13 3 2 6 12 2 2 6 13 
3 2 6 13 13 12 2 3 6 2 2 3 13 
6 2 12 13 13 3 2 6 12 2 2 6 13 
3 2 6 13 13 12 2 3 6 2 2 3 13 
6 2 12 13 13 3 2 6 12 2 2 6 13 
3 2 6 13 13 12 2 3 6 2 2 3 13 
6 2 12 13 13 3 2 6 12 2 2 6 13 
3 2 6 13 13 12 2 3 6 2 2 3 13 
6 2 12 13 13 3 2 6 12 2 2 6 13 
3 2 6 13 13 12 2 3 6 2 2 3 13 
6 2 12 13 13 3 2 6 12 2 2 6 13 
3 2 6 13 13 12 2 3 6 2 2 3 13 
